200:
2154548
1995042
2549716
364022
681019
1211870
1047221
2599148
2000:
2065357
1777883
2119856
121910
1068024
2035846
2593824
577748
569883
218109
1111449
70356
146064
1025640
1790294
246353
1160251
2424911
867044
576110
98434
2626915
1023829
268397
1308478
10577
1857214
997737
750495
2582644
1111541
2076455
2455669
121601
1272479
2000176
1613505
1598397
324403
1897066
1337144
1881800
381457
1472512
1740744
2384516
1354954
2023118
961710
2045827
106599
2462029
392616
1117217
837064
1108076
1471757
586208
1810840
1123540
1645694
2222015
558547
1468440
1282277
2544034
1370360
1956379
654341
15181
2129636
1227087
2220934
1143613
2039192
279710
1267046
1595569
1163072
1792312
311962
2291814
2218934
343439
445869
693799
576214
817261
1377774
69029
1518688
2467647
1778185
562377
1249562
176987
591880
338101
1029970
2570227
2366410
380496
1940514
1994989
1331957
1459444
314
445256
130670
1392498
491771
1882016
1297456
2539165
1598092
1094285
565946
688599
2605859
90328
150569
2066918
639475
1095539
1229569
1491075
305544
2615058
2647638
1690977
2561704
371734
1003719
555073
2318403
2475422
799813
2185919
1151665
1854578
1559989
1411284
2361230
703308
1302555
2566630
724322
824639
942746
1351220
65508
2439676
2633606
1453974
883348
153407
604715
1107368
997606
333769
1446093
721398
2012829
991743
1304413
2056662
87664
811963
143515
226813
688323
31492
752513
1700194
124818
1561770
77036
2536460
2340200
590807
416006
812825
2521637
891604
193541
1889566
1279278
1573863
1227344
2042755
389834
2198939
23970
467170
905455
1136263
1081560
2617967
1833697
565892
1384664
652486
1685663
1326937
342786
207659
909132
677235
1329242
1787405
489732
2321884
2526355
2225482
336016
1794573
764048
2092859
588221
925129
2126325
708873
1874942
953910
220104
2518787
793605
701697
2560027
252654
2128515
1753622
1721561
1568299
1711497
1855382
1935517
1708083
175875
289350
1555484
164319
559191
96072
1182394
1697520
1356395
347260
1392701
710176
2551375
411406
1711081
275215
471400
120074
1564241
287908
762875
2224201
1359827
875789
897782
929431
937374
2125026
474331
1430935
748325
1782434
2480904
1152640
463438
289620
1971596
1775406
220998
583718
2511304
806116
880585
76901
2198712
1962041
801881
472033
875644
2368666
2385190
548868
512772
1524906
1684485
2608282
1775137
1746622
2450378
2440315
805950
15550
1561388
1373054
2615886
2465009
216046
667532
1597319
80304
2080482
771120
947719
1855093
2569369
1647812
1791781
861247
279496
588946
769256
331339
1870100
543332
2269712
833913
104422
2264420
2550355
1821436
2604962
2427669
1182594
1714163
1381327
363166
2502359
437930
112874
67136
962151
619920
1387525
67179
768391
875904
36200
2613745
1438459
2097753
998
574701
1098499
688051
1465266
68708
911831
1165663
388018
787471
1526809
1631982
2541869
464259
101259
742733
2150972
1051365
2544322
1679928
1658518
1784580
1874491
554073
406788
1625435
864954
2405099
217938
1370954
753106
1469820
1897582
1893772
538757
2234417
425696
1024404
28939
2039910
1045125
71500
256137
2584438
64852
192796
2418553
804595
2104227
765690
1770862
820667
1260615
1131930
375082
2365149
59491
2216771
1848072
1829407
448314
1662347
2063450
2095763
1743219
1666921
478518
1141463
1366212
1963814
1250371
110898
650195
1412894
1598167
2203220
1816872
2285126
447507
1832794
254632
1310697
1715322
2573963
2103607
1998246
2395048
278886
903897
1046574
405955
39428
308346
691502
686429
368513
2278014
68985
962814
2148587
1382816
890265
1214248
909953
242338
1713699
592762
313785
1538317
1435730
714821
1666181
711922
1664655
1390552
106121
1962361
579829
712143
312720
651251
713409
2078219
2179522
2029473
677634
2599583
1760851
87139
1637613
1919654
2513682
2001:
2265673
2011243
808802
1667015
1122037
1114405
1836448
335531
2086813
2120654
1154587
360412
99696
1059437
2626423
1670435
17246
1067347
1996992
298721
2634395
1385853
264429
1170404
1376109
2073766
2170008
1498400
144543
1776933
231821
1170762
2107316
1018368
1939462
2267576
125496
1335446
2184999
1948460
1241527
2457620
608217
1951221
183229
2357205
919347
2396927
2003640
1263
2645436
1305875
663023
1300698
2220966
945318
1661731
957241
5686
2309300
1911325
287812
2102083
1590374
2401474
1298319
599592
1933739
2423742
1578314
859505
242875
2004815
127671
2510453
1143567
1833693
1062828
1236360
2095697
1784851
862071
2128766
1606826
2022755
1588223
1620596
838812
1387163
378565
1315005
2595846
2073823
1406400
945819
1866583
1687149
1900470
2169752
1439783
843399
1050021
274073
2624392
2426211
918880
2582076
813979
381740
1836980
1531380
1618536
20646
386912
1288002
126093
1224825
1184405
1167944
1991094
1566233
272005
1744089
898951
284629
2578647
995672
1203371
1208954
2584200
488552
1168164
1748595
1435330
111832
1189060
967330
670496
1102159
2523027
436547
1694326
1739329
2540343
314345
748335
682260
308185
513867
2230523
1204640
2532100
891592
116858
917484
875017
466
894906
1537762
1220091
759902
1448113
391820
2570388
250365
1233420
1664751
1381763
130500
1089647
67441
1848775
654123
532281
1770565
100995
1772703
1603629
1587213
2237328
1807551
2385944
2227885
2294815
440006
212257
389159
139358
1313443
2249987
747550
1703740
1955413
914250
1544601
400588
861869
594423
987229
2026081
1088173
549443
490789
1886235
360642
1963352
1622827
2232378
2417261
186801
1832995
1872274
2297
2123235
1673053
793389
2067423
1004967
733468
73480
419737
1775717
1210748
2182649
402217
1520973
1491993
1798472
1831647
1097435
2472778
1996994
1007057
33235
2249360
884585
575574
1017134
2184501
1376922
1270270
414529
2568886
1477498
679902
63418
511737
416156
1646531
917809
907253
673593
1132285
2060343
74626
2352586
1331160
978215
1033463
2592261
1888368
332010
412861
953875
1630342
1160293
2560090
267605
2074838
1794585
2096950
1198517
1660806
373513
631603
376594
2565561
1759895
1628998
2002:
964951
2345022
2004:
1667283
57332
1962157
1504573
794497
162744
1925598
609402
1921497
1835453
1401025
2052743
1846715
2005:
1426838
2006:
549122
252737
1115403
1108719
1764439
1270399
721406
372145
1326366
2007:
1042797
2404189
1997390
2115466
2008:
1740256
962156
2342198
2538337
971859
173326
2595349
2243477
1350176
970619
2250021
2030374
654703
1550975
717456
1560830
2489351
91803
1069087
2587256
604519
1762883
1130012
1885042
61622
1666613
1536508
1781192
2306970
1999621
15867
491130
580560
735905
224092
1776327
506517
1769808
1254920
1088005
2409375
1906881
1037596
592649
58669
766567
1554519
2488940
616794
2141732
2551603
1997020
375312
1114866
1842201
592527
1446878
930958
1913709
2009:
285679
2293844
1973061
656399
1931648
1670290
701490
2267293
781833
2597480
1738262
1710414
409085
1712735
906509
2129593
1713294
547570
2296996
126877
1832235
595560
409359
1443139
693952
166355
1222728
337785
2317908
1724123
2026364
2624080
520884
2203244
2349849
727484
636302
2494390
2046911
150137
712775
984253
208348
1417068
1200781
297151
1374260
1289055
1198539
879447
2314992
417922
1576729
2190586
2324491
237439
976474
52245
93336
1648978
1036745
1844359
1846592
1018942
1763372
951446
1084672
170499
781614
536709
2527499
2436067
2185616
225837
2145186
216588
1607123
1613243
1716429
468126
2477913
230846
1839612
771885
1667215
2110378
1296841
2562136
2172374
955269
1534844
1310728
1618217
1169466
1660319
98483
2072895
2273363
772062
984449
1353567
886980
597735
27708
1250874
1110323
886856
1378136
1592895
1826847
2548632
114267
50163
2032673
918704
2444710
2611954
282066
1604312
2066370
573915
2442938
1956441
2625242
1986952
1969256
18857
695
2496479
171933
2645059
412146
2501489
2589638
47868
929734
501739
1079880
2339828
2454228
1659156
166433
982110
1933703
2128750
