10686:
1490679
752094
74213
1037182
10688:
1701144
10689:
2153840
1426178
1970512
1376602
1069:
756559
2181005
1914348
1734421
2539763
1179423
602077
2549079
501969
1816081
129054
2178470
1884309
518738
991255
2388645
1510553
381806
2167638
2436529
2115422
272912
1589991
425184
2376175
1427388
18417
1598171
585424
1871917
48179
688499
1301646
1268171
1766478
1548115
2411000
458346
975557
1302045
2004435
1334792
531010
1174708
2502834
2440427
2263150
1023208
10690:
2365029
53403
1109887
10691:
608735
1684341
480142
1337517
1137090
10692:
44317
647542
2583044
1711551
503328
1489582
532454
146462
2432542
2199627
656821
1452537
725308
2542439
1926673
469151
1533274
1734841
922775
1077666
1833418
19318
1240319
2629246
1172474
1862353
10693:
24373
2558409
2346502
57287
1185325
2404478
18157
1431928
1301949
1829913
10694:
205729
1555461
920882
2042189
135447
1810453
740226
698909
201431
45458
1181795
903916
1569279
1074409
1891613
876139
10695:
75971
1623418
1102055
2445787
820145
812725
61171
1144150
1737889
2289704
2213050
1120178
127314
486369
67776
728319
289020
263838
2507887
2063488
68526
179516
1623370
194286
126520
2509431
164912
1465089
2438792
1326906
622640
1364631
393554
529409
2383970
1265259
1316486
545407
2607137
529323
1357884
1947032
441104
861326
1464163
2372353
187364
2363878
1748894
678594
307759
1256085
2546589
308065
2188999
827387
1012642
140767
711550
414557
2490462
419079
1637906
390955
1187368
1069951
757187
750074
1656228
1131703
1576911
207349
1703561
583838
2318397
70553
521290
114510
2514720
1522203
1136612
2460910
2471312
1078623
1409301
2092667
1301675
1097851
477869
594149
289713
1203928
1727612
2314123
1938901
155795
2253184
238110
822087
1297965
764200
2183493
1255891
1516689
649841
70827
1701099
2182878
2529283
491335
1505595
351358
503967
2297673
2166159
2304851
769164
773772
1619035
2124106
2341104
240486
1425296
608539
273719
682608
190790
2298699
2638032
837446
321108
899174
664659
2146557
1075260
541602
1298204
2245749
636357
122072
2641157
1702055
1099309
1662106
1160998
262009
2239702
752033
1476360
77849
2346264
440488
2062723
985416
1596022
1495525
1708313
1010742
1266755
2457697
2050198
575405
928992
2344929
488800
1697408
1842259
907681
1820704
2444375
1722131
2188822
191028
1408928
1163179
1036013
10696:
2361397
2037777
1614266
983414
1041890
2490349
2109261
507378
1716115
2621481
1947073
2031992
1378594
1122220
1469758
711928
566918
1436041
24526
1512029
1480142
2137264
2540884
2609089
2384185
1113432
2240589
10697:
303899
1286485
1813734
1354046
10698:
1091871
10699:
1558312
2098584
2258907
1091770
941190
609298
61765
1367805
909349
2188580
704812
2642916
1336148
244806
656599
580083
492185
107863
1470983
894537
1304554
136160
1455542
2262183
1174883
107:
1287459
1105489
120405
1105604
2445621
1608936
493226
837756
23304
1070:
2166574
1517612
2452478
1415114
2348445
10700:
527702
342933
90660
2122580
1020165
10701:
1999049
2237087
2639999
1065526
2000674
217899
1561310
2229303
1133083
10702:
752696
577383
2067740
472917
437778
1418339
1946829
416518
2374013
1297892
1586607
322878
699578
961490
797833
2233464
761256
1292493
1702350
1909692
2172582
1059153
528111
162728
1150352
2500360
218486
2025341
2452064
1424011
424657
894390
2290924
584295
763012
2077022
275513
1170790
2438140
1736425
572715
2040894
2225167
793799
1048877
442865
2153998
2601856
2324848
724099
1112554
1230118
1664927
1447743
1142582
2386274
2185644
1608134
1299905
737905
1833620
10703:
1668787
1587430
376576
528085
2301961
1904657
10704:
643058
2345517
90853
1530738
2385295
98611
1059026
2486664
2444052
556264
2395763
2184115
2050793
10707:
1221336
2001820
1047368
1841369
315833
10708:
2004377
729420
2252185
10709:
1353529
2591224
89974
1071:
1540303
2269842
795773
1947526
1398
2392328
1823245
2188243
1804508
2442916
946909
1920413
884413
10710:
2415876
1701596
766046
1701145
498180
1166931
1392933
1265998
712096
10711:
2086075
1383946
25813
1756767
636626
293441
312960
1356516
2228878
1339307
627999
1182061
10712:
335531
2353806
2224199
2402629
164662
754822
270582
2039316
2571332
482999
1521243
1229674
2621071
1884926
2396611
391820
2049584
1447841
46105
360642
2209521
827525
1903696
2070734
2319130
1527008
2352586
10713:
1681892
1344730
996163
104925
1439014
2580106
190979
2534592
10714:
113594
2470148
10715:
1674496
2233839
1162568
10716:
1965731
1706718
979680
1653637
10717:
1078943
2316784
10718:
1587833
10719:
2362360
1485728
1914940
1118590
1282584
1710715
1843274
1072:
2020516
473392
497648
1433767
1371822
853438
473720
2156909
1275277
1370240
1272831
1189121
1774121
1413358
1132651
2324706
345968
1605912
1843306
1175158
174822
783666
432694
1339156
311021
1886135
1753844
326657
1264906
1538047
433500
2045041
1699254
1917301
2092557
1055176
1628812
1117996
253154
1883706
814984
2489585
10720:
1127992
1462175
1336673
66296
2366462
439559
1654458
10721:
1152639
386988
442604
1490750
1887691
2630337
1050735
2391682
474583
606809
964580
1884324
56205
589025
2318567
101388
763556
249862
1397711
1933063
731869
109619
60073
567387
1800579
10722:
396150
1008097
470873
341303
10723:
1971595
218271
10724:
838130
434878
801749
1469884
1034009
2642544
873684
183521
1689156
861532
1509113
1676458
997924
1811650
2228261
1662652
2598477
1000634
2057718
1354156
2364408
10725:
246107
209111
10726:
2406870
78535
892672
1605912
2296560
2017040
42112
823781
2444124
2525451
2214360
10728:
1687061
10729:
718354
141932
1164637
525794
2512785
2133923
490874
517710
1389265
2577902
945074
2426089
1756519
1150573
204129
2082618
335842
511971
1717961
6787
902573
1652448
2503698
1435499
2617868
1467968
104414
815604
1781445
2310554
975115
1999750
2273573
1851710
1988328
160492
395036
2236219
525060
1347289
710911
1366933
1343788
1541100
2610650
2625412
589475
730565
1779522
957571
756897
2139508
1687581
1889002
111803
169366
1676962
1573885
1290463
1315390
1530485
2274024
988145
1460503
2640194
1016994
2143451
2149534
1071482
1476174
2186176
598691
1738134
1934026
1728313
810555
628969
1598875
1113293
1210046
2399345
527502
2207079
318810
624448
1519665
1719334
2089071
447349
353865
58852
2176020
1270218
2001736
443840
2574114
1235839
1043428
2376407
2112986
1910563
2424706
1287186
721014
2431849
16040
1699349
432244
491128
2239840
1545606
1729711
293460
644755
2449699
907290
1868638
2408629
2253008
1031589
833441
2548847
2409861
1085458
2064083
2351261
571443
2383157
2173517
1648065
1385080
176936
328950
2475241
1952639
1847537
1710821
1837122
219613
2554490
1898763
1854487
193562
1825868
2032465
1926213
768272
2455993
276012
2450639
1445617
224922
1045400
385042
2155829
1899360
1707247
2432136
1078379
1710715
324672
2560050
2339669
1779841
344692
552631
2378645
230871
338166
1115490
172854
981800
172883
1525317
148720
2642158
1579677
1372662
1784621
777916
932169
2397883
1538553
559911
1344886
2077456
1745181
1733298
1442622
2135026
2534154
1537431
1547891
1539806
875900
1615570
648615
1356281
1650254
1545918
1664764
1370423
1516501
2162379
875260
588256
2045839
2087606
67518
2525190
2302876
1297940
2057442
721780
1375908
1580388
908445
285385
1544589
633300
1604678
681395
2627947
942477
296252
510123
1571757
1671560
666546
1813653
501511
375695
1563902
462527
1187257
1881994
1595222
1073:
43601
1015023
308585
273806
944978
1661657
469196
185377
1587672
1427683
692866
2393796
2411455
1227848
1009082
1915733
101462
1687222
310002
2251376
562829
501780
1843396
2325249
726408
1602412
2528534
780383
1869939
1778851
1697399
47501
64262
356893
787723
570583
2059054
2093040
535157
1006819
1528362
2590384
2375487
1567516
1301352
2079044
