5044:
2210667
1659535
5045:
2351908
1030037
1729518
1310425
1295263
5046:
2399364
1294530
580265
291182
5047:
2422980
2419034
2172757
1876500
2290272
180715
1358521
1468475
2331082
612534
1239304
2543812
28439
5048:
1730746
942914
1870798
919688
1440093
1718323
1314010
2364981
672872
95152
1477339
2329467
2359204
752493
32519
1717358
1720609
2131902
2977
463285
1955176
752414
5049:
966446
1979655
790255
505:
435271
1954138
428461
1809269
1291603
2429310
13266
1705191
1973231
571115
2325882
1932706
752446
1400746
2132002
2008069
1463657
1282246
250678
618252
2069992
1558180
1860769
748891
2494510
1290718
1537569
2183675
788936
5050:
2639803
2507699
1202411
2205346
1255076
1415826
273630
1750294
1228034
2100087
658759
1313326
858498
1734190
1775642
1338605
440315
1059385
477110
2073205
2577231
260074
663692
895069
1185228
507581
759988
1224077
2284113
214556
1937750
2298648
2355754
281216
885374
542204
2282032
1405362
680979
2580481
2471639
1162107
1013802
2240591
2054156
916295
1990200
308832
1478724
2642223
2011467
622713
1115485
944149
712719
1532409
1863557
1093317
2343466
952235
425908
1746603
2526460
1208356
2417001
1672587
449098
1559687
394808
1311565
2203248
78872
38552
527812
1480477
538533
2474394
1185151
896250
465867
1821403
328251
311545
1539167
1006399
1926427
2510311
17510
1398145
1562892
2265804
602856
47639
1000285
795315
2584232
1204723
473095
348165
2213348
2254708
1231654
1987944
2601362
2031133
2176117
1317643
1459170
1198102
1927322
864575
1091890
1776533
1707418
889655
1795149
2228253
2050119
1596815
2211133
1995592
2500991
731817
2590727
1139053
696505
976297
811375
1929998
2181191
605372
2541832
2050441
621712
2255323
1315403
2540901
1769698
2066147
132649
370436
1768807
263788
911580
1980815
10339
2124802
2108108
235187
1402876
1954652
398897
172440
796352
677214
557945
2578862
1789164
111690
848883
1282039
1466873
864514
2293419
2610685
1041792
1208347
1847490
1299595
1453882
403446
1694546
219033
1763679
861247
2154400
1984013
1173753
2597674
1565468
2433295
1455574
916185
2497427
642771
2252947
1120974
663103
1016288
2113915
1599368
179580
2525857
1630945
1405516
454959
14107
1577107
2301639
1197317
1375159
492494
826727
1725405
767953
1602971
2556098
22338
2458873
1480682
1093561
1769992
2093609
1446305
2069708
111027
2097658
1975869
752436
2246309
57348
1271795
880772
2355130
358787
1085991
1248505
2370920
2576833
2527799
1819034
674871
205977
839414
614897
810889
1023914
2142739
363681
2593576
1902387
996932
1327479
1467290
1781214
2510971
1709897
914909
1827698
48981
1535128
925804
627902
2059606
1170928
1425074
494370
1987359
405538
609684
6042
1561951
341892
5051:
1424647
516192
1687663
174710
349114
309619
1527841
1078547
1166749
1002688
5052:
222269
1622303
1100970
1308724
2634129
1036350
810555
1900047
404724
936205
900698
1998535
836438
1578095
777762
1182665
640396
1818994
114223
1678880
5053:
2541025
2152838
1121636
5851
956492
1550824
551377
1926010
1727648
1092259
788611
2430909
930351
2508097
5054:
525818
551652
1626628
946314
916251
1438110
2261365
1478382
1826612
863014
1161084
2582614
1061053
74446
1521270
47472
1504063
955113
1602896
789517
265901
836070
2531775
2332125
23949
583891
2275881
597350
2608074
1547918
801770
1945415
2251319
1450001
2251391
2626477
1201835
2558080
2088214
1987734
532251
973431
824583
106916
898672
1646762
2585913
1511654
539894
551498
2607102
1756365
2308722
2128927
1224401
2526213
222141
1178208
231931
1487013
342505
1808432
2456445
2445488
1821833
655908
103520
2031273
262808
2085643
929162
521481
2428252
522684
1349222
1785046
1177408
1494007
1798806
1642329
2237750
796334
2402426
2291497
1978046
1788632
209542
1514219
2291413
339373
1695174
677126
1301089
1258035
1199668
2030317
340002
772441
143074
998140
2564605
1895985
1610861
1888415
2640376
2302039
134927
1809325
147892
2518844
1474204
343122
96869
486846
1138285
845914
185879
2537449
2081471
2343407
2611298
82543
1696841
1396642
2501020
791894
1636084
1784010
1520222
1160127
1151862
2479787
758443
2582002
1775811
1349666
1681078
1320589
2001363
1714548
713016
1319524
1264538
2496602
1397395
2583787
2012087
1771420
1522605
655102
2281505
1661316
1402323
1399577
403223
1349052
2496266
370656
2546905
2337831
2390412
87995
45647
650540
41013
1820913
707466
1022202
979338
1837058
22910
440938
1591186
507865
909682
732420
937756
1301598
185250
2305735
1443267
925976
2323403
1038320
195912
379451
1920032
1166681
2614700
2191983
1284816
864495
2630218
881651
1999872
2529212
1259017
2072678
580218
1376857
2583121
367186
1510323
1846034
1451756
209349
1999413
1946355
818285
2080289
2153033
444514
2076875
921762
2461669
1970869
1166586
2618731
1140578
34160
698457
1279222
2263295
423715
2190741
2030032
1626390
1785279
1513165
270406
1393750
30963
719198
1814431
2438731
1287616
2256333
1662973
2319570
2238774
513971
2476903
2192058
338906
1905534
1598946
2296368
1093671
1370408
1485054
2247734
2387631
922391
1576542
989014
1211568
986273
95336
11571
2434974
913453
1491597
1930354
1555189
1556655
754080
1842511
1864517
1392419
1088130
2444047
2428768
416435
1725453
1279758
1100843
949747
105555
2165875
1047076
2480963
253780
475048
2014025
27316
1205724
2441751
1666268
1948330
1653237
495058
886215
1326357
2381884
1978997
1036484
971163
1921168
41890
1587417
1298653
2436910
270914
487611
234184
1945069
2380329
1572549
1394575
562724
199185
1325074
684256
1665338
978651
1687832
866527
1131250
1981719
1032233
452869
1376006
2173888
1515334
368231
2235386
1671814
2405988
514718
2253680
1127132
2253841
1988733
773374
1302290
2641481
759581
2026081
1553846
2243034
2177491
2012395
1205653
999427
1804016
2263831
912072
2554031
492243
1118939
1618588
1952116
1033683
2646623
74658
887347
1138873
1071918
2281621
2589446
161803
2570111
2618345
105374
1168621
659541
2142290
735125
2423365
52267
375562
26486
2418553
683518
832708
853722
2081739
1706755
777801
1489370
618970
1052017
217937
883003
1029688
680520
2615681
1648379
1187905
1291434
834483
2559358
2622755
131018
950248
1193763
1052362
1390389
2494620
734440
655570
1119389
2023710
334903
2448430
718574
498966
1459805
1408696
811634
2170847
942706
1326828
1023902
1934205
444648
392480
824716
186180
1787298
355132
649682
1251383
1353134
1619994
153933
367007
1948975
432546
684353
1654145
2611510
1385684
2130767
1307712
1329968
2260960
2023494
1184883
1181644
1510038
831083
1915415
1613678
620497
455424
2232600
425710
1573128
165033
503853
1980420
2438865
2158103
1357708
1684581
2457611
1437789
693888
1656666
1753873
86947
1947624
1087423
114582
2362862
1304100
1777410
2012718
2631201
1564148
1027100
1056408
5055:
1912613
1052739
313340
1887879
866900
1372148
1997270
191172
1351006
1473785
154061
380467
1624280
179364
449359
719862
902434
196580
2644772
1749735
1223622
2642134
621720
1575459
2028895
728740
1201117
2364063
659100
974224
2542387
1538044
919688
1312316
38116
447156
11390
839246
41094
574493
1970356
1050072
2043675
2316404
527151
798417
223847
1649045
1315765
1392053
207904
1575334
1017223
1364327
1314655
1594131
1240793
1802235
2389627
2190571
2220924
1499380
79083
880208
843448
2438585
2223864
1303722
1446170
1715562
2175400
294299
2068508
862410
1653496
590062
545842
197002
2049567
1664863
2370329
2436659
2052068
1391373
2038845
97459
142277
91178
29217
897980
174836
2470562
178883
980769
600115
1652867
1270807
1717933
2500277
2576716
2048831
559514
2112564
2278909
260589
2583106
2619734
2107739
496831
2044934
1996735
1604876
1231980
724256
816110
1616507
2561151
1959870
100668
519879
1615335
1881317
2173191
784475
2316780
2488484
1111436
1603401
363507
